190213203224 3000 2500 blue-eyes.png
222155172252 2500 2100 dark-magician.png
14218735211 300 200 kuriboh.png
30226222 1200 1500 Beaver-Warrior.png
20640173221 3000 2500 blackluster.png
788114210 800 2000 mysticalelf.png
1469116253 2200 1500 judge.png
206209141253 700 600 thunderkid.png
465875225 2000 1700 dark-magician-girl.png
15877125253 2400 2000 red-eyes.png
1263189224 1400 1200 celticguardian.png
14293193224 1300 1400 harpy.png
20617178221 2500 2000 neos.png
17479186224 1600 0 dragonzombie.png
17424275225 1200 1000 giant.png
