190213203224 3000 2500 blue-eyes.png
222155172252 2500 2100 dark-magician.png
14218735211 300 200 kuriboh.png
30226222 1200 1500 Beaver-Warrior.png
20640173221 3000 2500 blackluster.png
788114210 800 2000 mysticalelf.png
1469116253 2200 1500 judge.png
206209141253 700 600 thunderkid.png
465875225 2000 1700 dark-magician-girl.png
15877125253 2400 2000 red-eyes.png
1263189224 1400 1200 celticguardian.png
14293193224 1300 1400 harpy.png
20617178221 2500 2000 neos.png
17479186224 1600 0 dragonzombie.png
17424275225 1200 1000 giant.png
30215201224 9001 535 rushi.png
1907091219 0 0 zuckerberg.png
6211676225 535 535 gumstix.png
110188186252 4000 4000 obelisk.png
11052176221 5000 5000 slifer.png
15819733211 6000 6000 ra.png
206203199224 2002 2002 cena.png
1422212210 2700 50 lesnar.png
942113210 2500 2000 stardust.png
11079185252 3000 2500 galaxy-eyes.png
11014936211 700 500 frog.png
11047145253 2000 2000 chopper.png
1901478252 9000 4000 vegeta.png
1263770252 2000 1850 burger.png
15814876225 2300 2100 gaia.png
7813836211 9999 9999 saitama.png
20613567221 1000 0 shaggy.png
144578221 300 200 skullservant.png